52 40 66 27 15 71 82 31 36 93 60 57 97 19 98 10 62 50 20 91 34 6 10 45 85 12 90 49 6 91 9 58 8 94 20 99 98 6 80 57 35 92 0 72 30 95 83 30 40 23 84 22 9 1 51 20 92 30 46 91 75 12 92 85 42 61 4 70 44 81 61 57 57 32 78 20 20 15 66 65 79 13 33 73 75 57 99 73 98 26 79 91 83 11 59 54 95 73 77 99
57 93 59 5 30 20 70 63 71 34 83 8 53 82 29 17 21 14 41 79 74 54 60 79 72 21 48 48 26 8 83 42 33 3 17 11 35 30 7 88 23 58 45 53 38 59 15 51 60 18 78 75 62 71 1 97 70 61 68 64 75 63 13 59 50 56 4 54 60 90 99 39 42 86 83 46 12 41 52 61 35 24 56 85 71 76 20 75 90 38 6 39 36 22 28 32 47 76 87 81
93 80 69 55 59 90 80 48 51 8 62 46 42 61 69 80 52 64 94 90 14 9 68 88 97 83 13 18 60 60 0 44 96 35 1 88 42 10 37 47 34 74 27 22 10 39 73 95 94 47 5 34 63 61 85 36 21 96 62 49 48 43 78 66 66 19 77 21 1 12 92 35 54 76 26 1 29 65 39 73 74 67 74 13 84 36 41 40 30 49 55 62 91 61 98 83 92 47 79 56
46 28 31 0 19 12 77 24 84 75 41 1 14 4 21 53 65 23 37 9 87 71 14 84 25 79 31 87 78 1 52 28 58 84 5 25 77 33 84 53 0 74 35 2 27 96 70 59 34 60 21 7 47 64 18 41 43 80 28 52 75 17 49 42 25 62 6 59 89 80 40 10 55 18 87 53 35 68 79 30 13 14 75 99 71 50 4 95 19 1 9 90 56 30 14 70 77 1 30 72
44 72 26 99 31 23 53 72 52 13 4 41 48 6 92 66 13 20 11 80 48 27 25 57 7 24 74 64 92 86 27 45 52 98 40 7 12 30 52 78 5 88 62 34 84 28 51 30 58 25 99 45 89 77 69 28 36 96 18 0 62 89 47 21 20 98 8 94 33 55 24 13 84 81 33 77 61 13 46 22 12 89 90 81 36 42 0 56 40 87 38 10 59 39 55 67 50 58 5 54
8 99 40 69 56 4 63 20 42 77 72 27 4 46 45 63 54 95 23 91 88 56 40 45 6 85 96 2 82 32 77 45 92 71 39 26 63 28 66 54 56 25 95 4 45 22 24 82 38 39 93 79 99 0 89 17 86 48 70 26 67 71 75 34 18 62 82 2 38 68 0 72 5 89 19 6 39 21 72 25 26 58 39 69 72 23 1 66 97 2 28 4 19 18 15 92 51 42 73 18
27 16 90 87 44 15 2 93 51 51 30 79 79 99 27 32 6 80 70 80 87 62 90 80 38 97 18 72 75 59 73 28 6 96 1 17 71 34 95 7 54 8 51 67 66 32 83 10 91 46 53 70 58 51 81 45 59 40 80 3 65 94 37 99 18 33 75 48 88 94 31 57 94 45 0 58 49 36 62 77 67 2 24 16 70 96 37 80 45 50 0 31 38 53 59 25 87 32 9 37
1 13 89 51 77 58 82 42 56 77 59 87 18 61 48 11 32 80 17 62 94 16 39 36 38 90 32 1 22 8 12 21 8 17 36 72 38 91 73 57 90 72 17 32 1 74 47 38 46 13 36 20 44 25 88 95 60 54 26 99 24 74 81 15 73 77 6 52 49 0 92 74 29 86 30 87 35 2 22 17 97 93 49 99 9 18 5 0 85 43 81 22 27 15 42 34 68 10 33 81
54 51 7 32 65 59 58 22 99 88 41 59 64 29 37 79 98 43 48 19 90 46 86 35 56 54 71 63 25 35 60 25 85 68 79 84 18 0 82 58 39 29 33 5 38 86 65 87 99 66 71 78 40 18 40 49 60 78 15 96 14 61 51 6 35 71 32 82 66 88 14 45 7 68 15 52 27 93 85 65 93 52 40 30 7 11 62 31 29 62 39 99 47 71 77 10 3 12 30 31
62 90 53 32 35 48 73 5 33 15 77 32 81 87 12 87 53 28 24 28 21 82 49 60 37 65 68 30 84 62 48 39 7 90 39 8 77 9 46 31 78 35 8 43 72 57 14 40 42 26 1 14 22 80 10 10 42 19 37 29 30 68 25 5 19 37 68 54 59 17 78 5 92 38 86 31 46 20 72 72 99 57 4 74 49 66 79 9 33 12 53 78 2 1 19 39 86 66 81 64
71 0 44 42 40 95 31 9 4 80 8 15 95 41 16 81 7 19 11 79 2 86 92 35 15 60 99 88 72 51 35 43 63 69 19 40 27 44 71 29 74 93 11 31 76 45 66 5 42 41 59 15 92 89 59 86 42 3 68 67 90 4 4 33 30 38 47 4 40 49 16 21 0 83 53 79 61 72 20 57 87 51 92 67 45 9 44 33 9 80 80 4 75 66 20 19 20 40 93 82
78 67 70 2 10 60 51 73 18 7 63 44 41 30 82 50 13 25 64 21 27 77 74 99 24 58 35 31 75 68 90 83 36 70 46 11 13 67 15 50 73 36 34 72 2 97 41 18 96 1 71 29 2 16 94 81 36 93 16 62 23 17 24 70 69 53 27 0 68 90 78 77 19 39 59 58 34 18 93 47 66 58 77 23 88 46 20 95 90 37 45 93 58 24 52 14 83 56 66 19
12 46 15 4 88 77 86 16 79 80 85 43 24 29 83 64 89 38 11 25 58 27 36 25 95 34 87 45 42 50 90 40 63 32 62 98 87 32 88 23 87 99 20 67 21 52 65 65 11 79 95 6 99 57 51 5 48 82 54 5 59 38 35 52 38 15 3 95 46 70 71 40 84 76 93 28 26 58 85 25 30 27 3 20 28 31 72 72 40 23 36 13 6 12 88 70 33 82 69 3
50 49 68 3 56 47 53 3 84 20 52 49 7 83 6 3 96 7 88 20 22 5 73 53 56 60 54 29 47 79 53 70 55 51 41 7 61 81 94 34 19 11 74 1 63 46 70 53 14 88 30 28 51 30 10 25 89 98 49 48 40 67 39 38 73 67 28 78 49 81 95 83 47 74 10 59 87 11 50 98 54 99 83 53 15 21 96 80 61 35 57 83 95 39 64 3 92 42 75 86
3 65 54 44 3 36 6 47 22 69 19 86 6 11 55 47 94 2 39 45 7 99 77 80 16 3 76 40 73 9 13 54 75 98 10 16 15 63 41 43 53 93 60 31 83 12 68 15 60 29 21 82 87 66 38 69 60 15 67 50 67 29 18 12 89 23 45 18 45 3 68 63 55 0 17 94 82 85 56 11 64 38 31 84 33 16 84 49 17 21 84 32 57 29 44 87 6 8 70 42
83 53 74 50 59 35 70 16 88 8 39 83 50 38 20 74 37 14 12 28 43 53 34 62 7 8 9 65 82 85 18 30 35 44 35 30 6 56 31 52 80 95 70 11 43 85 14 61 88 59 30 25 69 48 17 2 97 24 88 95 44 22 32 89 4 85 22 96 46 94 11 4 97 94 51 44 66 16 32 57 79 10 62 81 4 49 85 39 2 16 83 49 33 41 5 69 14 15 37 54
18 80 22 76 16 43 97 76 40 46 27 97 61 54 71 26 9 73 97 18 63 60 81 31 5 69 93 5 70 43 14 94 37 45 84 5 45 39 36 89 77 82 92 9 38 56 20 88 11 60 44 81 10 33 34 54 80 2 15 88 53 31 26 21 41 86 96 84 69 15 42 14 99 41 43 74 62 92 82 86 45 28 41 83 59 57 43 76 0 33 23 92 69 30 60 79 80 78 54 35
13 81 20 61 31 59 81 74 74 17 31 17 63 55 93 51 19 80 48 79 61 62 3 43 59 24 49 85 33 80 11 85 41 81 33 66 33 31 5 29 7 42 32 2 54 92 82 40 0 95 50 58 94 4 56 86 98 87 64 28 17 30 94 31 88 4 16 67 35 74 57 66 77 42 92 30 41 39 82 87 1 63 90 83 18 11 66 68 31 0 84 48 65 36 63 89 12 48 12 29
88 64 44 6 49 65 82 64 7 77 61 73 61 47 7 47 61 78 80 89 82 3 35 6 39 67 84 29 23 17 74 22 60 79 18 78 26 44 92 40 82 5 30 80 81 31 42 68 96 82 50 91 70 87 78 2 50 72 37 35 65 80 4 32 5 62 84 7 61 89 71 78 53 3 34 9 76 45 63 75 58 26 41 78 55 94 98 89 29 77 32 8 2 12 99 97 63 34 21 89
14 74 59 91 86 71 31 0 29 62 11 88 12 93 43 90 60 49 9 2 46 50 42 43 50 59 78 16 57 58 30 24 69 33 74 49 95 75 81 45 71 84 38 55 47 21 33 29 61 62 43 24 66 94 32 40 31 98 21 29 36 19 2 56 85 48 26 13 10 68 20 31 40 78 46 1 17 87 2 32 57 72 4 89 34 60 13 80 81 52 17 8 27 7 51 14 85 57 15 28
40 28 54 42 12 88 87 91 35 89 3 62 32 94 13 3 86 75 91 4 17 80 17 63 60 48 33 52 99 9 13 26 2 18 32 16 26 0 58 53 60 42 52 60 35 26 34 24 33 33 31 95 81 76 23 49 6 29 2 90 32 13 75 95 16 29 73 70 1 90 22 44 85 22 27 93 71 38 58 48 81 23 82 28 73 56 34 21 24 37 53 22 3 74 74 17 38 63 27 23
20 17 23 9 69 98 55 11 22 55 98 72 27 37 64 55 14 26 77 85 90 68 25 96 74 72 84 34 23 21 60 6 89 1 87 49 51 6 11 48 60 82 1 1 63 61 56 3 30 16 99 8 43 15 52 21 53 26 39 99 19 79 37 53 99 25 49 71 17 10 80 21 57 80 86 3 51 32 38 94 95 75 36 85 48 19 65 26 91 16 10 47 28 4 5 99 44 97 80 47
47 15 45 44 97 21 11 2 12 31 33 85 1 85 49 8 29 77 71 62 36 89 88 98 88 61 93 33 35 61 92 42 9 68 4 96 48 94 93 80 30 45 77 16 82 2 50 2 12 76 67 8 15 28 98 82 48 78 80 36 61 64 18 90 6 61 87 49 37 64 42 47 64 88 79 30 49 25 80 63 53 89 27 95 31 26 14 24 34 69 52 8 25 62 55 13 37 6 5 37
42 80 74 19 51 24 24 31 47 42 29 21 35 91 71 81 8 83 60 63 99 71 50 8 44 12 59 59 96 80 74 37 19 3 20 33 70 25 26 0 93 2 40 65 1 60 50 62 99 43 73 60 36 52 86 76 98 39 51 25 65 32 77 37 5 3 43 76 43 22 31 43 71 4 90 42 64 1 9 34 8 88 85 65 49 8 25 40 77 60 23 58 43 83 13 95 38 73 31 30
35 22 32 46 95 13 34 33 36 23 71 68 44 82 76 63 36 72 81 28 56 71 28 2 58 97 93 83 52 36 14 53 90 14 38 86 75 40 92 74 74 42 35 91 67 30 35 87 49 69 49 66 66 65 84 9 69 94 40 3 11 95 44 67 19 3 71 27 26 70 36 88 47 90 73 60 37 58 89 92 89 64 20 89 65 52 25 36 36 59 40 77 71 81 92 32 80 68 16 18
96 16 82 41 57 95 37 78 45 41 9 20 12 2 91 28 89 15 65 19 84 4 11 58 45 84 50 65 82 81 43 21 35 24 52 83 71 88 40 21 77 72 34 93 49 76 77 6 60 35 84 52 58 98 19 80 59 92 46 18 32 54 57 87 68 10 31 39 21 78 43 34 16 74 71 70 85 69 49 8 35 92 56 98 58 13 16 32 18 67 34 79 12 54 70 17 84 96 91 99
81 23 48 81 78 75 15 23 6 31 22 46 78 62 74 46 27 23 72 88 77 95 20 42 5 94 39 91 90 43 55 36 79 64 75 56 68 65 6 71 59 19 87 10 80 97 79 34 12 10 4 82 73 14 49 22 2 40 12 39 66 67 38 38 31 86 4 57 72 48 28 44 5 49 82 64 63 66 80 24 2 37 26 87 32 94 94 39 89 1 60 41 28 73 15 49 47 42 60 75
37 47 74 82 45 53 28 93 15 36 16 96 19 22 20 23 67 44 88 87 66 1 44 87 84 23 30 43 38 50 27 22 54 51 29 65 39 69 83 25 13 99 27 34 2 42 17 10 64 76 63 77 44 99 9 79 34 90 13 44 42 27 50 6 82 43 80 10 91 97 77 91 35 79 45 24 41 36 18 75 75 67 30 79 26 94 76 14 84 53 95 52 77 8 72 4 27 65 9 13
76 39 9 50 6 66 61 36 8 99 27 38 40 37 85 3 68 31 58 40 52 62 56 78 86 99 61 15 8 8 92 78 15 85 77 76 45 89 98 65 50 16 27 59 42 62 60 24 87 8 0 88 97 56 2 3 12 92 61 20 4 60 40 39 66 74 12 38 90 41 99 48 12 92 66 32 47 73 28 31 19 0 56 2 94 77 39 11 31 69 37 58 67 1 59 80 52 34 32 87
46 89 71 5 71 53 63 27 76 48 36 37 34 81 34 79 33 53 67 49 61 30 79 66 44 76 99 51 17 12 16 76 58 92 11 92 81 22 42 20 69 83 36 24 24 7 95 68 43 53 68 24 92 60 75 62 2 27 66 11 76 90 95 54 77 11 1 21 77 11 8 42 93 93 74 7 21 37 47 4 24 48 52 32 11 35 24 50 29 48 63 72 60 85 73 78 80 20 46 81
57 95 39 96 16 46 60 77 87 24 63 35 43 35 44 56 8 55 12 46 39 29 89 8 70 18 2 75 37 63 12 96 1 7 99 66 44 88 93 77 0 49 26 22 75 52 3 61 55 4 40 64 1 98 12 43 48 67 47 73 87 0 11 65 57 92 48 75 46 76 95 14 50 43 50 21 50 32 46 11 42 68 11 90 48 51 11 23 83 78 26 63 88 71 88 40 42 13 47 83
74 10 7 38 68 87 59 2 14 84 23 91 25 20 72 72 69 45 91 48 47 36 59 49 82 48 31 71 91 83 30 16 22 8 7 22 32 34 7 24 1 22 74 91 74 73 90 49 74 71 79 60 57 54 37 42 83 13 85 50 75 18 38 78 41 34 35 66 49 9 49 23 29 29 42 80 50 67 97 38 75 82 10 79 15 51 68 24 67 77 66 82 70 20 43 41 82 92 81 93
93 75 56 46 82 90 19 81 34 65 53 80 72 34 40 0 66 22 25 61 94 53 31 98 21 53 97 49 89 20 57 85 84 14 78 22 30 0 16 98 57 2 20 6 11 49 56 72 66 35 5 27 64 19 10 41 17 89 17 26 17 68 94 25 36 9 25 64 87 83 67 54 90 55 42 94 22 9 38 93 22 65 40 20 64 51 78 47 64 99 11 68 28 82 3 57 42 2 92 30
19 65 55 40 28 91 39 19 36 29 1 86 86 64 25 69 93 11 20 60 11 93 8 89 72 72 68 58 86 94 51 29 32 57 13 79 4 17 61 73 1 69 13 59 63 58 72 8 62 2 1 7 64 47 28 70 79 66 44 4 20 82 40 17 13 14 63 51 55 77 35 52 34 68 29 17 7 5 13 86 87 13 21 13 14 35 45 39 38 3 78 78 48 76 12 78 66 91 37 46
62 76 44 28 37 85 5 90 17 74 28 66 25 46 9 89 42 13 36 29 4 41 1 20 26 59 21 8 93 71 40 73 80 16 2 83 19 74 35 2 56 48 69 50 89 52 67 83 5 87 66 99 59 97 84 9 24 82 66 82 69 52 11 85 76 49 81 86 5 27 70 29 44 48 65 4 36 43 7 56 1 75 22 19 15 20 79 71 19 50 24 69 59 28 96 55 27 49 80 62
1 50 60 18 54 23 96 27 3 44 12 45 55 57 37 22 55 81 93 41 29 81 96 52 89 73 99 74 40 77 10 81 46 58 18 50 60 95 86 15 65 54 16 42 21 90 83 22 37 14 58 55 22 68 17 57 29 84 28 55 53 69 8 40 1 87 53 8 71 95 55 2 46 95 0 93 44 81 30 79 92 61 33 90 74 75 52 47 67 98 97 52 85 9 38 86 88 32 29 14
66 0 35 59 3 99 9 51 34 24 87 18 18 38 71 11 60 90 85 60 0 64 66 73 41 52 58 78 82 74 65 92 56 62 23 96 28 58 8 28 48 85 3 10 88 22 39 45 60 14 12 49 23 22 69 85 19 65 77 69 95 38 91 46 34 64 0 49 48 42 89 69 76 58 4 72 27 78 4 17 33 67 69 63 33 92 12 96 44 74 97 82 96 57 81 89 80 92 10 48
45 5 87 36 43 25 65 59 70 68 78 0 22 57 1 56 48 64 89 95 67 24 43 38 8 58 64 23 45 72 9 47 75 24 70 56 68 24 43 42 20 79 26 8 74 60 33 77 15 14 20 8 27 40 49 1 33 41 59 88 49 77 48 15 26 57 98 49 97 52 60 88 55 91 36 50 96 14 48 9 58 89 72 63 96 40 31 50 74 81 2 2 50 20 28 31 37 58 31 51
96 44 82 33 46 1 86 15 34 68 44 84 85 40 62 31 32 88 77 78 35 31 86 69 62 55 75 6 99 44 34 35 19 78 68 28 97 91 61 34 96 57 23 51 39 89 39 29 92 52 19 99 89 42 2 20 7 23 12 32 55 65 88 36 90 70 71 63 42 68 49 62 40 56 32 17 54 54 67 57 15 91 50 89 80 59 80 80 35 70 7 41 35 12 3 13 60 65 82 28
39 42 99 13 85 57 28 79 26 44 70 28 77 63 31 87 43 23 75 11 38 70 73 95 22 12 29 88 44 8 16 27 39 49 26 2 76 50 87 31 17 80 72 1 92 81 58 72 37 67 64 84 43 94 37 44 62 12 71 78 25 37 2 13 95 88 22 32 91 20 19 48 8 79 1 4 1 47 6 92 47 90 46 64 46 80 38 24 30 58 42 12 33 17 5 10 22 40 82 30
13 52 15 50 72 67 61 18 62 48 15 3 58 90 0 88 18 79 37 51 76 59 91 63 24 66 13 48 2 68 34 35 14 68 8 18 53 88 50 5 17 17 14 78 9 32 31 4 91 98 70 94 59 75 18 10 7 40 23 59 34 44 2 61 36 0 16 59 82 87 93 83 88 39 30 26 26 71 72 53 25 60 85 0 26 32 58 99 8 10 12 18 79 12 48 78 39 3 50 15
96 68 55 77 26 42 42 82 30 50 29 67 83 81 37 78 77 53 92 76 38 12 95 30 76 11 16 69 85 7 47 11 3 10 96 64 22 17 41 5 71 87 10 15 98 12 23 49 11 94 33 98 4 28 88 11 30 81 46 70 31 37 92 44 18 28 23 52 72 25 61 97 84 37 40 83 34 59 62 41 85 38 62 27 75 38 1 60 69 37 80 52 50 31 90 77 25 71 27 79
86 66 3 52 36 70 63 55 32 17 77 68 25 45 72 94 21 49 1 60 26 58 0 99 2 3 3 94 71 28 74 87 90 66 32 51 7 10 12 39 11 95 12 91 7 69 47 74 9 9 29 80 38 58 43 15 40 96 83 67 56 12 49 50 62 5 39 92 78 16 39 10 62 38 80 95 77 43 55 68 5 39 32 86 40 12 79 48 62 50 67 95 71 88 22 49 49 67 81 76
2 91 90 52 16 90 64 70 75 43 15 17 77 85 12 70 73 85 17 38 7 8 70 53 87 39 15 54 43 58 91 48 94 34 94 10 71 66 80 2 15 99 55 67 99 54 52 14 91 81 87 91 65 60 35 3 96 17 86 31 80 53 82 70 17 89 56 6 86 3 95 90 79 25 34 92 77 70 50 80 55 46 47 72 14 59 97 27 54 42 29 81 22 37 16 72 74 98 26 62
34 51 3 57 82 44 76 91 71 23 75 74 91 23 18 9 73 0 29 37 85 39 49 35 69 0 13 99 41 8 20 90 45 14 58 95 62 80 99 53 31 94 35 32 19 35 43 49 90 5 94 7 63 39 24 58 8 41 41 14 66 94 33 98 55 13 92 45 10 84 35 14 52 77 94 0 94 58 85 3 39 93 66 49 9 54 46 49 99 68 4 62 83 27 50 73 10 85 92 26
9 26 87 48 16 40 58 20 39 9 95 94 71 94 73 98 60 75 26 84 4 92 27 22 56 56 69 75 51 31 6 73 58 5 31 67 23 21 43 18 85 16 76 44 68 33 71 49 66 67 93 61 44 25 93 62 56 80 98 19 86 91 83 96 93 14 83 87 94 32 37 71 21 40 45 73 49 38 11 31 24 70 7 36 63 93 49 6 77 87 23 5 98 20 2 56 58 33 43 89
37 1 16 42 82 39 79 10 92 42 37 2 23 96 19 21 47 9 88 8 27 43 73 52 14 5 37 50 82 55 26 35 33 96 50 89 14 59 11 25 50 24 16 92 46 34 86 84 84 72 13 24 3 92 98 5 56 2 80 86 69 84 34 63 15 67 71 46 27 71 78 71 51 65 47 72 20 44 2 2 48 60 44 88 25 74 30 52 38 70 54 81 52 38 95 32 25 91 28 51
3 96 62 85 3 83 5 38 6 93 77 9 14 48 99 46 68 5 3 69 60 21 49 36 47 59 71 7 41 66 51 99 63 45 19 62 39 92 91 76 6 81 68 97 99 34 31 87 49 89 0 66 33 5 27 94 95 34 72 72 45 28 59 32 2 57 8 31 77 61 73 36 59 74 51 92 7 32 46 71 70 96 82 63 27 79 51 89 9 17 41 86 71 27 94 16 69 98 70 30
93 12 74 71 17 52 40 14 69 34 9 90 4 48 85 47 15 91 75 4 21 36 21 84 27 73 75 22 76 74 68 80 6 66 98 9 23 2 42 63 33 20 31 60 77 58 48 24 27 3 60 68 38 28 25 61 47 5 3 8 85 8 52 20 69 49 84 77 51 38 39 96 48 38 42 91 13 80 90 81 94 83 63 21 78 26 87 61 33 24 6 51 69 69 24 30 38 70 8 49
10 27 8 9 16 18 70 81 56 60 18 71 42 29 47 56 55 64 70 68 31 92 84 20 45 78 4 56 55 84 38 56 16 82 31 22 83 85 34 0 34 72 8 5 67 5 91 85 90 0 2 43 32 20 70 40 52 38 5 88 81 7 84 96 58 67 70 94 32 38 66 60 12 20 75 87 62 92 53 13 43 60 4 67 59 56 53 26 2 0 85 9 52 75 39 88 97 74 78 1
35 93 98 85 96 78 54 33 49 41 26 69 41 73 2 45 65 70 52 73 67 41 6 84 45 95 72 8 69 89 59 91 60 16 33 77 91 49 77 36 28 42 2 6 15 61 93 8 94 47 56 47 99 74 45 62 72 30 74 93 45 68 12 88 29 84 80 17 98 59 99 69 51 96 98 99 80 95 90 23 79 66 40 55 95 75 16 98 70 40 36 45 22 22 48 82 64 30 95 39
27 86 68 78 77 29 37 49 14 86 52 7 72 81 61 19 33 37 67 75 92 42 90 30 94 76 99 46 85 97 92 45 81 72 37 36 3 95 96 7 87 8 19 20 20 58 40 31 19 80 77 8 37 76 56 5 94 52 76 75 0 6 20 9 81 88 95 69 26 29 99 9 43 57 50 75 79 56 41 6 65 91 33 45 68 99 0 66 4 4 72 56 79 74 99 67 2 2 60 41
5 58 54 24 92 95 18 71 79 38 95 64 46 52 47 42 72 68 62 48 50 78 6 68 58 12 75 22 18 85 59 98 47 91 52 16 92 97 86 25 40 23 7 1 80 56 32 53 89 16 1 77 9 66 64 26 97 61 65 40 31 51 21 50 32 35 46 88 23 39 65 2 36 41 89 64 74 0 7 40 32 95 89 10 87 82 10 68 35 82 32 47 21 57 96 70 17 82 87 73
97 26 58 87 17 48 70 50 13 91 13 11 85 23 93 4 56 4 37 7 35 92 32 71 39 19 98 11 52 50 60 68 24 50 97 5 30 57 79 0 3 99 99 0 34 38 18 61 53 42 24 16 21 59 50 55 34 37 93 62 95 38 31 92 60 32 87 14 41 17 74 30 71 87 37 36 13 85 58 54 39 20 61 22 15 38 12 4 10 11 24 36 88 31 12 74 20 59 48 86
29 7 0 70 49 72 66 54 10 56 1 5 34 74 88 20 36 37 84 80 36 68 75 19 85 9 26 53 67 21 65 8 6 84 51 40 42 40 37 5 47 92 14 71 98 96 95 71 7 67 93 85 87 58 86 62 98 58 13 10 96 35 0 63 27 63 4 4 88 41 8 37 45 19 21 80 13 52 65 7 74 26 80 37 50 99 0 35 17 2 71 84 88 26 64 27 76 58 35 96
46 39 25 73 67 1 49 37 64 48 25 13 25 6 37 37 13 38 65 92 63 53 84 81 45 21 39 79 12 86 76 38 42 59 58 40 69 9 50 47 12 63 2 83 89 49 76 45 30 66 13 94 49 91 77 53 44 60 62 30 81 24 32 78 8 94 21 63 71 97 42 56 22 14 34 70 89 18 91 34 32 33 96 12 19 80 38 36 10 93 41 87 58 14 16 13 28 99 97 45
64 73 51 90 96 37 53 62 26 86 30 44 83 59 25 18 22 18 62 32 93 12 69 63 67 30 2 70 25 53 56 18 2 10 9 98 79 84 35 76 91 89 36 9 90 59 11 87 75 54 91 61 94 5 84 34 90 43 30 11 70 34 17 97 41 70 26 34 29 34 89 39 30 91 35 24 32 59 53 21 2 5 96 45 61 21 98 67 92 46 13 22 64 23 57 5 65 80 59 48
93 55 73 30 14 73 65 64 86 2 11 78 27 31 7 13 84 1 76 35 20 94 92 33 91 76 28 28 66 53 10 60 66 81 60 21 71 20 40 96 1 45 27 87 49 47 74 96 48 5 30 99 20 38 30 10 99 60 58 12 33 79 4 21 65 14 29 79 37 91 72 74 66 45 97 49 54 85 36 56 77 32 37 33 18 23 2 58 91 51 74 1 92 50 55 9 38 7 27 96
51 81 56 31 73 58 38 15 73 52 3 43 25 1 75 76 0 25 6 69 3 80 19 30 45 62 50 66 53 70 51 36 13 60 70 41 91 52 22 30 83 25 37 16 1 68 4 28 65 95 78 80 29 88 40 7 47 25 46 3 73 32 18 88 53 7 81 98 0 88 31 79 3 89 54 59 41 4 3 11 77 72 11 14 43 43 75 55 70 26 57 66 95 89 78 84 57 75 77 13
56 7 31 1 50 53 18 95 89 50 86 92 82 3 1 25 27 48 48 14 99 29 95 50 90 62 67 66 47 13 77 99 38 34 62 32 98 44 36 82 70 73 50 43 94 7 82 18 37 43 14 2 84 90 6 35 8 95 71 25 9 13 38 22 47 84 55 28 64 58 83 71 89 45 79 66 11 64 32 3 41 52 68 50 44 8 39 75 91 50 40 17 5 48 59 68 39 48 36 48
7 70 72 19 51 61 63 16 48 44 8 92 23 82 59 99 29 62 87 13 56 71 86 49 77 70 34 54 13 30 37 72 26 35 37 96 61 23 61 61 24 77 29 71 55 92 77 61 82 47 79 35 15 28 27 9 83 14 39 97 39 44 32 18 90 96 42 32 68 7 34 3 40 94 4 11 46 0 81 37 13 63 92 42 1 42 50 60 56 24 70 68 86 54 83 60 52 70 50 31
46 20 94 67 47 68 83 10 74 98 51 56 45 89 12 56 45 21 73 38 10 99 45 72 95 70 98 95 0 61 89 59 96 37 1 97 42 81 64 91 77 5 20 20 62 86 70 33 30 32 92 83 61 18 35 39 17 83 53 44 69 15 26 86 36 4 15 91 18 16 6 90 38 55 17 78 52 48 27 60 0 75 39 3 25 56 63 11 12 77 9 37 98 87 18 93 70 98 25 57
56 4 56 6 5 70 14 7 69 4 68 82 47 26 71 52 26 16 27 48 26 99 72 71 34 28 43 62 85 40 73 50 15 2 58 55 19 0 70 79 66 5 99 58 27 32 94 31 97 83 56 66 27 9 45 84 46 73 5 11 71 21 94 10 12 3 57 69 31 41 21 97 98 53 38 11 93 67 5 88 56 32 0 61 21 40 32 10 80 99 46 92 34 47 4 15 37 51 87 16
63 32 15 26 83 15 71 73 67 67 25 30 96 35 76 3 27 11 93 10 65 48 5 31 90 36 63 58 52 96 2 83 37 70 54 17 31 11 28 4 69 68 7 67 88 47 78 79 67 10 7 77 82 92 46 34 91 52 88 20 53 59 87 64 53 81 4 36 49 22 58 63 18 71 51 65 93 67 3 74 0 55 70 60 9 72 18 64 56 12 17 5 97 28 9 53 60 5 51 46
61 57 49 34 78 17 47 27 77 97 90 51 92 44 87 46 5 79 84 37 85 65 0 56 23 68 63 16 39 17 61 4 41 87 61 92 71 61 99 25 59 69 3 5 0 73 28 55 58 16 82 60 51 0 51 44 19 71 83 17 8 0 39 49 18 90 84 15 37 16 42 54 58 35 51 5 7 86 81 98 57 83 23 46 78 82 46 49 62 51 39 76 19 96 15 4 25 98 10 57
63 9 27 74 48 78 94 31 17 26 9 93 25 89 30 64 12 56 81 49 30 71 56 45 47 52 48 85 36 66 5 3 92 80 43 92 46 25 36 96 84 54 60 35 31 51 76 99 82 95 59 60 83 46 50 14 7 28 95 5 74 14 77 22 85 86 14 74 74 79 57 32 8 44 69 54 59 98 27 19 9 30 94 7 19 35 35 68 34 35 63 26 26 14 32 9 67 12 65 73
65 23 17 85 45 32 93 41 64 33 56 65 58 38 60 24 31 13 69 65 89 30 28 29 0 23 54 39 26 19 62 80 28 99 95 61 57 25 90 55 78 33 49 34 82 45 66 21 17 92 30 27 83 40 35 65 86 95 95 56 77 16 58 76 98 50 56 71 80 89 30 42 87 9 52 43 5 88 63 43 28 97 90 97 68 89 28 90 53 30 37 68 80 56 73 54 3 55 12 14
56 83 93 76 10 76 87 5 27 37 67 65 25 95 11 15 99 11 41 75 34 91 28 28 43 29 75 33 81 26 86 89 5 46 86 27 32 77 11 31 82 33 62 50 43 55 51 37 57 39 43 8 87 3 93 33 88 67 32 77 70 70 33 92 46 26 47 19 14 5 1 60 99 25 60 74 43 83 39 48 87 35 38 53 49 38 68 26 47 69 45 97 73 33 29 30 73 4 96 34
53 30 68 72 89 98 86 49 2 95 19 34 70 81 30 7 66 73 98 86 99 96 7 54 39 23 11 57 1 17 22 15 95 40 17 67 22 42 58 95 14 66 51 2 17 1 85 95 78 34 21 22 71 77 82 79 84 49 39 61 99 94 1 31 50 81 64 37 72 80 73 16 44 19 86 18 65 24 9 2 9 71 76 92 70 68 14 46 98 23 4 88 49 16 25 75 41 69 76 44
45 19 27 71 63 6 10 8 16 69 36 62 79 61 89 28 80 63 13 35 30 20 24 58 19 23 65 44 86 24 97 38 76 51 69 53 28 55 55 47 35 36 96 28 18 8 36 89 0 84 52 97 33 96 54 48 0 77 30 41 89 97 77 84 76 98 82 83 37 64 18 16 32 80 36 15 61 19 20 90 24 95 28 41 95 57 21 23 66 7 40 27 67 31 97 99 17 11 94 53
25 99 59 8 11 92 97 27 33 41 8 66 81 81 45 70 83 16 82 59 38 37 84 87 40 90 62 64 72 74 57 1 53 65 31 25 98 49 11 55 5 98 8 90 67 22 64 62 98 76 88 36 35 84 8 73 53 29 51 98 80 97 31 31 71 26 39 20 72 75 82 21 91 17 66 15 13 83 40 90 47 70 63 43 20 40 4 45 97 92 51 81 22 27 45 48 7 86 15 21
76 56 79 4 46 49 90 82 14 93 45 73 79 53 22 79 73 12 54 91 3 53 98 31 32 57 51 49 30 52 65 11 40 20 82 41 43 69 89 28 37 55 24 2 78 4 43 35 45 41 44 45 22 60 66 34 69 27 24 43 63 11 71 15 43 71 6 30 67 6 68 26 78 11 41 54 60 1 71 75 78 32 96 42 70 62 1 93 87 71 16 83 52 18 21 72 32 50 87 70
82 68 20 62 52 58 46 92 45 11 58 91 31 15 26 71 26 80 79 88 71 14 11 76 15 14 2 49 32 37 2 0 30 3 82 44 57 29 84 24 91 37 84 16 43 80 40 20 37 32 76 16 75 57 89 18 16 73 60 9 21 88 22 17 17 91 40 75 3 84 93 34 49 98 83 5 69 63 50 55 86 63 58 71 5 8 28 61 22 87 61 33 5 30 59 8 96 1 99 74
38 34 60 9 42 98 91 48 92 95 71 29 28 70 53 59 96 51 97 2 84 81 85 27 56 15 19 53 98 62 41 64 40 77 79 98 40 21 89 9 6 79 10 60 43 70 92 28 69 52 89 14 41 92 66 13 24 22 19 64 79 25 75 31 66 61 54 32 77 73 56 53 73 71 52 56 90 71 0 9 0 48 36 19 54 29 35 94 29 41 74 7 80 36 6 87 14 78 44 6
81 33 38 60 78 79 43 8 87 55 97 71 57 35 64 93 96 15 4 34 49 73 70 31 9 66 8 40 20 51 73 78 94 71 73 80 47 92 11 24 91 90 15 72 53 51 88 26 79 25 55 87 12 94 54 62 50 93 70 28 67 16 86 37 8 76 65 90 99 5 36 67 38 58 70 19 51 81 19 90 12 26 84 16 51 46 88 50 21 58 81 15 29 24 54 52 72 8 97 69
11 28 90 80 77 2 79 62 38 67 33 8 7 84 38 43 86 90 27 54 84 41 30 11 21 16 50 66 22 7 97 83 25 61 25 74 85 72 58 68 56 37 2 18 70 72 81 15 38 21 45 21 89 19 69 33 39 20 17 67 79 63 40 89 88 36 96 20 40 73 19 48 29 38 0 82 50 43 26 75 32 85 27 84 32 24 18 2 40 87 35 48 93 12 29 82 15 2 71 12
98 67 58 17 63 17 98 56 29 26 41 77 59 97 3 49 65 13 38 98 12 43 22 86 58 97 19 43 72 6 96 34 96 83 84 80 92 10 64 44 53 89 5 14 49 15 56 35 77 9 60 96 57 3 35 42 61 90 48 45 30 7 81 56 65 30 80 39 46 24 59 95 65 52 43 28 94 57 77 84 80 59 6 88 55 89 81 77 18 51 70 77 95 26 90 92 16 5 97 36
69 30 16 38 15 4 84 16 42 72 33 42 70 97 38 97 54 69 32 90 54 82 1 10 44 67 88 16 86 12 65 87 93 1 95 60 2 56 64 40 83 65 59 77 44 45 93 98 8 85 27 63 23 53 62 90 27 25 68 35 62 26 18 15 81 89 77 24 80 78 32 41 50 74 71 68 13 60 39 84 31 26 57 12 74 33 34 66 66 28 75 34 93 16 18 13 75 21 58 42
20 91 3 39 62 41 91 88 0 88 87 66 0 6 40 23 59 2 99 50 0 58 75 66 62 76 43 54 31 47 84 55 36 94 77 45 46 55 24 53 63 89 91 86 37 27 58 83 5 92 22 59 32 60 18 26 8 52 55 43 14 96 61 44 55 23 62 73 65 35 86 72 59 9 39 48 70 43 55 1 19 50 25 23 2 14 27 96 62 67 87 52 1 44 23 71 95 51 55 98
42 5 7 64 41 18 10 5 32 27 70 53 26 81 42 92 65 8 54 2 30 71 44 41 79 88 27 44 13 88 85 56 90 58 88 8 74 21 83 99 95 81 60 97 55 55 33 87 10 91 56 14 83 21 91 46 91 46 92 45 95 74 13 43 65 0 65 9 81 5 28 74 22 59 50 63 41 89 43 91 59 73 11 78 78 17 95 30 81 72 52 12 29 8 46 53 87 76 84 84
57 96 25 61 30 69 29 45 33 36 24 11 97 34 79 77 58 63 18 37 77 6 56 23 86 22 55 17 65 34 81 27 34 98 96 86 3 74 32 9 65 92 68 0 68 10 10 52 87 56 4 58 80 45 94 73 84 91 68 51 24 25 15 41 56 33 41 94 67 17 75 40 8 30 25 67 10 4 80 68 49 12 27 45 96 68 71 40 41 57 81 59 93 23 43 30 27 74 71 9
73 83 42 85 94 71 79 25 29 73 51 90 71 60 2 33 45 82 93 54 14 58 29 64 71 63 41 43 20 84 92 42 26 1 62 62 42 47 88 33 83 75 43 29 21 40 54 93 48 8 2 89 97 2 82 32 40 65 42 24 32 70 5 25 9 5 34 81 71 73 98 93 66 96 9 85 61 14 54 49 0 55 34 38 47 78 43 71 43 91 13 78 11 68 83 78 77 58 19 25
68 3 76 63 59 82 83 53 35 49 63 16 76 89 91 4 97 35 10 56 67 87 26 97 36 46 34 45 45 27 35 13 3 3 41 41 39 76 34 45 94 47 10 84 57 18 62 72 34 41 17 91 17 38 62 49 45 44 27 41 71 57 10 50 5 56 63 8 61 22 36 3 76 11 12 87 32 78 12 25 71 22 82 56 79 8 19 30 65 0 10 81 33 5 16 13 0 45 90 46
24 3 8 37 5 43 14 61 71 72 56 94 73 33 78 43 5 74 11 16 74 55 64 54 88 22 75 58 2 51 19 71 19 16 92 9 71 55 53 34 14 96 94 86 92 75 71 79 6 53 11 50 66 58 59 80 40 6 84 82 66 27 47 6 98 30 21 12 26 32 17 62 66 16 80 62 68 17 10 22 32 26 20 80 32 27 10 90 92 5 6 66 76 7 53 44 55 65 7 47
39 78 38 47 76 47 36 23 64 6 67 80 30 93 61 62 23 96 89 55 9 38 63 73 80 4 42 89 23 55 80 23 41 64 84 89 86 17 62 34 47 57 66 11 1 31 59 88 88 98 39 26 85 7 35 52 95 64 7 99 12 99 32 55 1 96 55 20 15 71 85 8 7 2 1 50 16 21 87 62 35 39 16 66 35 97 97 20 33 19 22 68 5 19 17 2 23 56 58 67
96 26 52 50 93 53 24 4 37 97 68 75 20 67 39 79 30 13 51 21 56 14 72 96 61 59 0 93 90 31 88 15 32 64 55 72 99 39 79 50 85 55 50 49 85 29 76 69 39 19 38 11 72 78 75 70 13 89 30 56 66 25 51 94 64 70 97 21 20 30 81 17 51 32 88 18 86 86 18 69 91 66 16 95 26 67 94 84 57 3 59 40 41 2 54 57 86 79 57 50
99 13 18 59 23 4 46 51 29 14 58 33 99 74 54 82 16 88 16 55 4 89 36 0 93 21 21 48 80 61 81 12 37 23 80 3 20 26 42 83 32 59 34 64 49 98 15 5 28 86 5 12 45 69 78 66 52 43 15 20 4 43 68 60 29 94 56 31 88 20 5 97 42 15 38 66 62 30 1 28 29 14 89 52 89 64 70 13 16 68 28 29 76 14 69 62 24 21 84 6
22 56 31 46 60 85 25 61 39 58 75 67 78 31 2 13 67 4 25 45 76 32 68 82 75 1 67 75 18 75 94 84 5 94 60 31 2 51 53 16 54 88 54 51 33 0 27 71 69 86 3 90 13 78 93 42 23 68 63 60 86 4 83 23 50 88 2 15 88 58 96 79 79 27 25 21 40 97 84 75 19 18 1 12 74 30 35 52 36 70 41 46 25 15 1 27 24 55 35 17
71 24 20 62 20 58 82 50 53 59 52 41 48 14 64 22 62 38 98 23 71 49 12 5 76 51 88 24 55 27 77 23 72 52 42 36 66 1 5 22 64 43 2 68 84 47 95 57 72 27 93 98 77 44 94 37 95 58 59 3 92 74 54 72 30 86 62 28 27 56 80 52 63 57 77 64 99 30 39 38 59 73 72 19 40 95 15 84 12 69 80 22 40 61 12 28 31 33 88 65
21 79 73 7 46 63 99 62 35 54 47 90 39 35 32 38 12 93 17 76 23 39 19 35 61 67 25 85 20 56 64 44 14 65 71 14 24 89 83 6 56 74 15 31 60 96 72 50 5 95 66 19 98 29 5 65 29 89 62 84 44 29 89 82 4 35 57 79 82 24 95 41 71 37 93 17 76 3 80 16 91 96 98 92 75 17 90 31 39 51 62 25 19 68 11 75 59 54 57 76
22 10 50 40 62 12 14 78 19 77 32 47 36 2 71 89 82 19 74 80 93 51 64 67 19 25 3 94 22 69 65 98 83 56 24 56 54 32 72 92 27 5 80 84 79 75 48 67 25 79 94 72 74 50 58 97 9 78 53 58 86 0 84 22 34 65 62 29 24 95 61 45 94 43 94 30 6 54 40 12 83 13 72 8 39 8 35 10 28 13 71 28 57 33 72 66 14 6 19 1
36 90 21 49 26 22 15 81 48 89 27 54 8 95 90 38 34 86 19 57 78 75 66 17 59 1 41 41 36 66 30 48 5 66 55 87 81 2 39 18 13 4 72 89 41 31 36 47 18 27 61 70 93 60 25 57 9 19 13 94 89 34 36 52 95 46 75 35 77 2 41 44 93 62 7 88 30 8 98 2 54 84 48 87 26 7 9 34 96 29 21 28 54 82 43 15 66 56 22 19
14 98 53 27 36 62 25 74 67 11 31 70 93 50 51 71 11 10 73 29 79 80 71 0 29 17 98 36 88 57 31 33 13 44 14 72 97 32 95 71 28 26 47 15 91 12 80 10 44 67 68 12 61 36 64 91 81 76 14 49 48 48 58 35 88 47 90 19 0 19 10 98 47 24 25 41 69 65 38 66 72 83 91 86 1 9 11 48 99 98 60 1 70 97 53 42 7 14 96 9
92 73 6 90 32 20 61 20 9 66 35 12 81 39 81 16 21 27 2 91 69 35 95 36 29 49 57 77 82 49 74 48 8 86 76 1 22 71 7 61 42 74 65 75 4 78 45 85 18 77 86 23 62 97 5 35 21 10 0 67 23 46 89 96 55 93 4 81 32 49 92 66 82 65 42 61 42 26 2 0 33 13 4 77 87 30 71 90 64 16 8 28 94 90 56 57 15 11 37 39
74 61 84 98 4 86 66 62 13 8 67 39 64 68 0 78 58 98 45 76 35 94 14 37 55 54 93 36 2 23 91 35 4 89 13 94 49 51 18 72 62 21 76 0 55 41 27 83 42 75 29 51 52 20 94 83 23 50 1 10 14 13 71 42 87 22 35 79 67 93 21 98 72 58 46 22 92 47 19 33 18 10 98 5 86 9 15 75 65 28 19 73 13 87 54 13 86 2 87 49
3 48 1 67 35 80 93 67 95 83 79 69 97 69 14 20 34 35 71 38 61 79 18 30 49 2 27 39 49 50 26 0 58 36 67 30 53 43 7 14 57 27 59 99 59 59 24 87 70 92 40 18 39 11 94 21 14 32 92 18 23 30 25 72 46 30 90 60 13 42 64 73 63 62 84 75 2 77 77 53 53 84 78 51 45 85 75 15 54 50 6 62 85 67 79 31 3 98 35 27
27 36 36 67 34 7 28 93 6 24 13 18 1 84 15 43 85 69 54 96 10 32 43 11 44 87 85 18 41 55 6 72 3 72 79 61 56 42 89 60 6 89 1 11 77 53 89 38 29 67 48 52 55 18 92 51 41 57 57 54 53 82 97 35 84 95 29 62 17 90 98 47 98 20 7 90 73 68 89 76 12 57 38 12 55 18 97 39 1 49 84 97 84 50 45 67 98 81 2 68
93 15 97 20 6 53 64 83 53 47 56 24 67 45 51 8 41 52 30 75 3 7 44 64 7 28 46 64 0 21 53 48 96 51 74 63 78 92 2 31 6 6 94 15 8 16 80 64 40 73 84 24 14 29 54 85 97 81 11 34 99 72 56 16 11 93 85 21 0 49 99 83 56 43 16 55 89 82 30 29 44 35 23 6 45 25 65 11 14 99 43 74 77 46 15 3 96 23 63 14
68 28 56 84 7 71 62 70 1 30 92 66 10 30 17 62 63 18 78 78 67 93 23 58 90 79 26 44 73 63 87 59 92 29 22 84 15 99 93 64 30 21 15 55 43 9 59 80 10 22 99 21 25 71 77 54 20 81 46 25 4 36 72 43 73 81 29 46 11 34 19 39 74 73 88 21 1 73 55 91 83 51 32 10 26 19 17 16 27 38 61 61 53 26 66 32 34 55 48 15
62 79 19 46 50 11 96 71 70 3 48 98 21 91 19 38 80 32 17 17 55 21 89 28 78 71 45 98 74 15 51 76 97 31 18 49 96 93 7 71 19 70 44 67 82 7 93 26 91 34 80 58 58 96 7 40 70 72 34 45 5 24 25 41 74 57 68 42 15 3 37 72 61 2 88 64 47 97 22 53 77 64 52 32 18 65 2 71 79 98 16 75 73 42 85 27 54 87 42 90
