3 81 49 36 32 9 62 70 49 90 92 5 81 12 19 21 78 77 5 87 23 79 45 3 78 85 11 45 69 57 96 46 70 68 34 92 96 85 19 73 86 31 92 71 77 30 23 68 90 65 52 85 59 51 87 45 42 27 64 62 79 85 17 26 39 8 38 18 2 6 23 57 65 2 90 72 95 48 34 4 94 76 28 62 55 41 23 70 56 14 2 67 27 85 34 71 28 67 95 29
93 21 38 99 11 11 65 9 49 6 12 48 38 73 94 60 73 94 24 43 21 50 3 36 61 37 46 85 89 96 11 9 5 9 77 92 19 76 31 36 30 42 78 58 2 36 98 21 59 41 20 79 33 17 44 96 75 84 3 37 92 64 13 42 57 7 15 84 8 29 80 83 49 6 38 18 75 52 39 83 62 86 56 69 46 65 78 25 80 75 9 90 51 4 86 83 53 85 92 70
95 99 77 84 81 44 2 66 67 15 48 49 42 31 76 20 5 49 83 93 51 41 77 78 30 79 9 31 78 57 41 60 66 88 25 4 39 4 39 49 88 69 1 49 24 26 85 17 41 23 47 53 10 81 77 25 28 94 18 39 58 6 88 65 48 95 28 33 63 12 48 19 90 9 83 92 37 9 45 97 35 8 68 67 48 30 17 20 54 44 30 72 64 48 20 69 27 0 54 68
53 42 94 51 51 5 47 93 52 7 2 93 13 45 38 59 17 20 60 80 22 72 40 35 98 2 28 72 60 98 2 92 40 44 14 77 48 4 10 21 89 49 58 64 41 87 96 31 62 53 3 53 77 98 28 62 30 56 82 35 6 83 53 10 40 65 97 97 22 36 68 23 13 31 82 33 69 24 16 73 82 78 86 52 29 76 85 39 55 26 51 93 81 85 52 6 36 34 63 57
80 38 83 57 5 57 81 10 82 69 75 81 91 95 91 87 80 17 12 52 76 33 49 82 95 89 19 96 42 73 95 51 35 59 67 41 48 36 33 99 7 28 11 61 2 62 97 25 59 72 26 66 67 1 12 39 49 10 12 85 64 69 47 83 46 56 91 2 8 15 56 77 33 72 25 30 46 46 94 23 59 39 28 79 60 4 65 57 73 84 38 18 62 43 29 11 53 57 13 30
42 74 99 66 64 79 22 52 56 88 46 33 85 60 80 95 97 93 79 28 46 71 82 8 29 62 34 1 62 86 99 24 10 31 62 80 47 17 74 43 60 94 76 95 36 76 6 29 75 75 8 19 96 2 39 12 6 35 72 70 57 72 89 2 35 35 33 17 44 37 28 16 5 36 27 75 29 24 96 24 8 29 19 63 69 6 36 22 57 78 68 4 20 42 74 88 65 57 89 84
37 25 43 36 71 94 82 20 27 53 68 88 55 2 61 1 14 50 30 39 63 28 75 30 52 83 83 21 96 4 95 66 63 69 4 67 27 45 75 77 83 16 75 62 67 80 45 83 42 1 31 63 88 88 6 8 70 26 96 40 31 98 33 63 9 78 45 70 86 40 12 52 39 22 14 94 18 65 92 95 42 67 37 67 11 64 60 45 39 94 19 4 82 38 38 17 16 20 12 17
45 74 91 71 18 56 97 99 15 73 58 97 16 14 56 63 11 20 19 70 41 98 18 44 53 33 81 22 95 61 76 47 2 65 21 68 37 58 29 68 81 15 21 15 43 91 39 83 94 0 79 73 16 61 29 81 55 0 35 94 82 79 69 35 77 79 46 20 57 40 1 3 19 28 83 31 85 71 64 4 72 92 90 70 11 58 81 31 77 82 75 60 9 43 83 62 82 95 25 6
65 24 91 29 20 65 45 25 43 77 82 93 46 8 90 82 10 83 59 89 31 4 72 83 84 98 17 50 61 17 98 82 8 4 44 83 21 13 30 80 9 0 97 87 68 20 68 70 5 15 31 64 5 39 98 69 52 73 2 80 61 63 69 85 23 44 83 6 12 88 30 41 9 53 52 89 65 88 97 35 64 84 73 62 23 92 40 64 49 8 97 24 57 15 50 61 16 49 33 13
75 3 91 38 45 16 19 11 49 49 43 0 45 33 56 19 57 21 65 34 76 27 42 31 94 12 89 62 6 60 17 51 92 6 42 71 42 5 59 31 73 23 51 18 0 15 74 18 64 78 91 34 8 57 84 53 65 68 73 66 74 0 72 64 72 99 23 69 15 7 49 96 77 15 80 0 59 37 26 84 95 13 49 61 71 96 68 96 87 70 60 41 20 4 29 31 57 84 62 9
75 61 69 93 72 54 87 68 47 54 50 13 32 10 23 32 5 66 79 19 55 78 75 98 79 20 81 15 54 52 9 87 89 78 43 48 77 45 72 64 26 52 33 0 60 28 41 70 19 4 6 95 29 63 19 71 36 89 57 68 6 37 81 91 27 96 74 73 49 0 35 78 5 42 39 29 25 9 50 56 18 77 18 69 39 43 23 90 96 3 71 59 59 58 37 44 24 81 81 0
44 79 38 43 83 60 17 8 89 0 24 49 86 94 6 10 43 39 31 93 18 17 87 23 13 34 27 44 91 22 39 75 87 37 78 92 32 95 68 49 16 15 18 8 3 35 72 72 39 82 75 28 81 63 22 64 68 18 3 42 60 19 57 78 44 21 1 0 48 74 74 38 32 69 19 4 9 28 52 35 92 38 79 7 2 63 15 3 41 25 6 86 54 46 72 58 87 70 29 4
85 34 41 90 42 86 65 54 5 31 76 33 75 30 42 35 53 36 79 93 71 72 89 1 42 5 26 84 82 11 17 76 0 61 30 64 65 34 7 71 2 49 83 21 75 83 17 70 69 42 95 96 3 69 54 44 86 52 85 23 33 91 24 33 50 17 64 7 1 65 78 45 94 50 52 51 79 48 5 7 34 93 92 3 82 46 78 41 77 21 10 53 17 64 62 59 80 47 94 91
28 61 22 38 32 77 74 63 97 22 87 67 24 38 57 8 89 36 24 25 5 65 23 43 41 89 60 99 60 14 37 94 32 75 5 93 55 56 43 73 71 20 27 25 67 0 50 9 69 86 40 71 95 89 1 2 28 73 3 14 68 62 85 81 77 87 93 31 40 34 94 5 50 4 4 5 83 67 49 0 25 44 31 71 5 78 20 92 80 85 22 69 72 58 37 92 81 71 14 14
39 16 82 63 66 25 73 69 48 34 57 38 13 15 86 18 0 98 55 27 52 81 36 72 44 11 49 53 99 38 25 46 16 6 12 1 84 98 39 37 58 45 94 46 37 35 28 17 38 68 16 41 62 43 84 3 13 99 53 72 35 16 49 72 31 67 61 92 29 45 55 6 44 43 65 16 79 71 6 12 48 54 51 33 80 32 22 82 2 7 37 35 40 73 22 28 68 36 95 80
43 9 48 26 14 46 5 23 34 19 62 99 71 33 59 54 60 29 15 87 34 30 66 55 91 64 89 43 17 60 23 79 45 87 96 56 48 61 44 63 54 14 3 37 23 59 74 39 32 71 54 2 50 94 92 47 61 31 41 85 14 12 65 16 92 32 43 15 93 17 68 28 80 21 76 6 14 21 11 16 5 71 99 4 95 80 55 44 25 61 62 85 75 65 6 45 30 68 8 46
54 64 51 54 96 61 90 95 53 21 31 96 21 7 64 56 4 32 70 62 74 6 44 92 77 76 65 92 4 57 18 43 89 42 26 20 88 55 23 74 28 17 38 14 93 84 35 10 55 14 50 35 60 99 68 87 91 53 65 99 90 31 3 49 97 88 57 49 16 67 37 83 74 37 3 47 73 18 37 93 11 45 20 31 73 35 45 5 73 23 78 38 23 84 37 9 50 7 58 43
35 35 78 96 29 41 49 21 93 89 40 56 35 18 46 94 23 53 86 24 4 37 19 36 31 62 53 37 59 9 2 36 21 51 62 26 74 72 30 31 32 34 94 75 82 66 47 38 77 47 83 27 29 46 34 94 30 48 37 67 13 76 98 91 14 98 95 80 20 68 71 19 90 12 62 24 48 32 88 40 22 50 25 15 21 69 20 45 6 45 0 29 89 91 25 18 86 25 63 86
89 40 68 33 11 50 74 44 20 81 30 46 6 3 73 37 32 43 37 6 45 18 48 42 40 17 68 78 82 79 78 0 58 87 58 96 68 59 59 24 45 8 29 60 71 4 61 42 4 52 52 97 38 82 2 31 63 41 93 65 33 83 83 82 84 36 95 56 24 73 57 69 2 49 55 24 38 6 29 80 70 12 59 1 35 0 30 28 30 67 25 92 85 18 84 19 86 27 55 61
98 18 0 93 27 4 64 10 13 15 54 22 74 47 3 36 10 95 94 77 14 58 45 14 85 44 58 0 98 96 78 70 82 79 6 11 66 84 29 28 36 21 8 4 75 51 65 77 68 17 56 12 21 91 29 36 86 20 4 17 15 90 28 90 51 85 89 91 18 28 54 16 89 28 62 13 18 51 29 98 48 39 55 46 37 90 20 30 28 21 59 49 95 58 60 97 71 37 15 0
59 40 62 77 86 2 29 22 26 59 40 93 28 73 13 39 26 7 17 89 18 28 99 92 2 3 21 28 52 68 66 49 82 45 39 52 51 79 59 55 56 35 53 36 7 5 21 37 46 94 18 4 71 89 12 26 29 13 77 86 18 94 91 36 88 99 31 18 25 61 2 23 76 24 27 63 23 45 5 49 90 60 90 27 15 82 83 24 53 63 9 68 49 9 63 8 14 66 12 80
86 85 86 60 4 71 5 71 60 90 80 52 88 48 69 57 42 49 87 20 71 94 4 15 34 61 60 11 76 70 30 11 62 94 49 78 9 76 95 72 53 9 76 5 72 23 2 98 24 24 66 51 41 25 29 29 22 97 99 29 22 82 46 18 15 97 86 34 88 12 95 62 74 89 59 25 38 23 95 9 88 52 98 54 29 51 2 34 78 53 51 4 27 15 1 65 11 38 98 72
36 97 6 3 20 4 40 29 93 76 84 95 92 38 93 85 61 21 48 47 81 77 40 97 90 17 17 33 17 99 89 36 91 71 33 97 39 3 14 17 12 69 9 85 8 41 63 69 55 82 23 41 23 16 81 23 89 74 28 17 26 24 17 77 86 28 39 7 43 89 33 90 48 8 44 10 49 55 32 76 61 72 18 43 17 9 40 93 52 51 95 30 68 82 93 66 97 21 2 69
31 8 56 41 3 54 19 28 99 40 82 59 50 93 12 54 4 14 94 83 3 3 89 90 27 24 5 59 81 40 99 61 52 56 16 63 6 49 89 87 98 5 45 97 84 90 4 9 32 15 28 1 38 56 72 65 53 55 58 97 31 4 95 39 95 12 40 45 29 5 65 96 14 76 79 34 34 1 71 81 85 23 19 59 97 56 36 33 14 18 31 27 33 2 71 89 58 5 61 64
86 60 23 21 38 77 63 12 92 2 5 11 4 13 65 12 3 79 34 94 24 87 55 92 13 23 60 7 5 17 66 19 98 54 52 21 27 55 69 92 77 51 11 62 35 29 93 55 89 3 73 59 27 90 82 83 49 84 67 90 91 90 58 99 30 46 45 93 94 34 49 55 93 89 78 27 52 60 36 97 43 86 45 99 69 58 63 38 59 12 55 43 85 85 49 93 7 9 49 68
84 92 4 93 9 99 82 17 50 84 75 44 78 22 33 95 15 38 63 45 55 72 48 57 5 8 23 3 19 54 54 46 55 53 32 19 78 55 12 72 35 85 71 68 80 92 64 42 75 93 33 34 14 14 53 53 49 86 7 8 32 24 51 85 78 88 42 69 85 25 62 19 19 21 89 55 64 39 30 22 27 17 16 91 53 2 48 97 22 34 31 36 4 78 62 49 79 97 95 77
51 99 52 89 63 91 42 58 68 64 83 54 88 16 66 45 9 7 59 13 50 45 20 72 44 70 65 10 54 45 7 92 93 81 34 96 57 67 11 72 87 63 34 98 4 12 29 56 80 8 55 8 86 1 7 54 99 46 26 21 62 29 10 15 7 25 5 65 70 97 73 67 73 55 69 69 21 36 77 57 11 5 27 83 65 83 38 71 66 40 31 1 99 61 93 82 91 78 29 78
64 79 53 26 47 78 40 17 51 95 50 93 48 0 38 51 27 7 74 85 86 21 98 43 72 77 40 1 39 39 35 40 16 27 15 70 57 86 89 36 50 23 85 92 18 30 19 68 79 82 41 20 47 35 14 88 95 81 14 72 53 3 26 54 76 83 97 87 49 97 4 73 1 87 65 86 86 48 55 79 84 97 96 42 65 20 22 54 67 10 24 73 84 35 59 66 84 29 52 49
92 6 89 0 59 86 47 59 52 58 45 33 84 70 33 51 86 67 62 91 80 29 30 50 52 29 17 72 86 95 44 25 47 25 59 53 21 41 67 30 74 53 16 3 4 41 58 10 24 95 42 97 29 56 96 73 70 94 20 16 26 64 33 79 5 6 25 15 72 49 4 17 43 60 92 36 62 34 27 65 94 63 64 17 83 42 91 60 37 38 71 25 0 83 30 37 84 69 81 82
16 32 90 19 16 57 90 74 74 67 2 88 48 44 34 0 15 47 59 58 6 8 3 88 3 32 63 22 25 28 29 1 6 14 38 19 13 20 24 85 73 59 57 45 72 88 27 0 13 48 78 30 99 19 74 94 74 12 75 44 33 84 22 3 44 97 15 10 6 9 33 60 82 5 19 52 75 84 86 12 47 11 20 94 98 68 26 8 31 97 15 57 67 1 87 56 96 5 65 38
99 18 10 27 2 65 99 22 46 49 57 63 32 65 98 52 33 75 26 82 11 54 60 50 56 64 90 38 43 12 89 61 30 93 23 70 8 43 14 35 64 13 11 80 96 33 8 4 83 21 20 16 75 28 42 76 99 48 27 62 21 71 35 19 73 9 6 76 33 23 95 42 20 18 43 10 47 56 50 23 10 30 34 12 34 81 78 1 25 44 40 76 88 4 2 42 11 86 6 66
79 2 2 81 28 8 19 86 93 77 61 28 55 84 73 22 31 8 76 89 98 75 75 26 63 6 21 65 13 10 6 97 93 54 35 31 84 39 35 2 42 46 46 14 29 11 69 35 10 65 2 57 7 26 96 28 86 0 43 36 58 88 64 96 31 57 83 36 1 65 22 77 81 91 36 1 20 2 58 32 79 91 87 38 40 6 86 49 74 24 32 73 76 86 30 41 11 80 98 28
90 34 88 8 47 77 88 39 18 40 10 65 15 32 29 80 90 53 92 90 39 30 62 71 90 88 23 97 51 80 71 34 27 16 53 9 6 73 14 92 53 4 25 27 63 59 32 29 52 63 75 86 37 27 65 86 16 42 97 32 61 6 69 83 38 86 12 11 2 85 17 76 95 23 49 55 5 35 28 97 44 30 81 79 82 44 43 55 88 90 13 76 15 37 82 15 35 91 51 81
55 98 22 44 63 77 7 4 51 29 45 44 4 16 66 47 50 70 4 21 24 35 95 79 65 35 33 81 19 74 94 77 5 98 19 70 35 99 4 79 95 54 71 12 3 28 88 27 31 94 13 50 57 93 17 11 99 68 48 81 95 58 73 87 49 32 23 0 89 55 92 94 95 19 3 9 41 22 33 10 84 39 78 94 52 88 12 55 78 41 61 74 87 52 35 69 45 2 4 29
76 5 88 60 73 74 47 32 54 45 40 24 62 65 70 76 60 62 11 25 42 4 14 53 15 19 12 9 50 7 51 78 49 44 96 92 78 19 19 80 74 62 50 37 56 25 7 75 20 4 20 48 56 63 18 38 45 56 70 76 37 29 64 35 57 71 92 68 32 31 90 41 50 86 46 50 21 46 57 31 62 73 75 24 50 60 97 46 37 80 35 60 98 76 52 85 17 63 10 30
1 69 23 73 84 81 90 86 99 18 39 30 3 30 86 49 38 6 77 94 18 48 49 5 17 24 62 15 51 1 93 5 85 29 21 66 21 72 76 97 22 42 19 95 92 24 53 9 29 53 56 51 99 63 86 59 75 36 89 10 67 11 99 71 36 78 43 28 70 77 67 17 40 73 75 95 30 5 29 9 95 39 26 26 4 60 60 62 88 52 6 63 16 62 30 2 87 25 24 70
88 25 74 75 71 47 16 2 70 22 47 82 18 33 77 97 83 52 17 7 6 36 35 72 23 88 43 43 11 88 28 71 13 40 28 41 56 57 23 73 16 20 79 73 13 12 36 37 2 31 2 81 97 68 10 27 70 37 74 14 12 45 36 53 39 11 36 56 64 35 9 36 33 86 6 0 23 75 35 87 24 9 34 88 11 41 92 15 78 3 23 61 78 38 1 32 34 24 51 42
5 75 54 33 38 66 12 15 48 54 24 50 76 80 9 68 95 31 10 32 85 19 36 48 35 57 12 62 10 64 39 41 92 89 49 60 54 81 19 9 89 9 50 27 58 69 78 96 42 75 10 6 31 67 57 46 60 43 35 25 51 27 7 80 51 93 93 10 42 17 57 22 16 47 28 32 33 85 84 78 27 42 25 58 5 75 16 20 69 78 36 20 60 87 22 88 85 93 40 18
79 78 21 27 91 76 7 44 82 23 79 14 5 7 22 14 85 11 93 92 9 37 64 69 3 45 77 51 86 67 78 92 27 68 7 81 68 26 75 47 53 97 88 87 87 84 13 66 62 41 14 97 43 94 26 33 48 13 24 56 81 95 91 58 33 74 28 65 29 92 54 76 46 57 54 85 75 48 78 2 47 17 72 47 44 63 86 43 84 43 12 24 69 25 86 69 92 94 96 30
92 65 40 48 97 21 90 67 29 88 66 70 56 10 21 29 50 49 55 31 10 10 44 61 39 41 29 27 16 99 59 54 7 8 35 25 61 95 11 1 53 76 99 15 8 43 72 60 21 77 28 95 41 59 34 20 31 77 2 5 4 53 16 69 5 92 40 62 16 31 25 98 85 90 96 67 22 38 52 90 43 87 79 12 60 1 72 86 73 57 87 69 66 95 49 63 99 72 61 78
61 31 58 32 76 81 73 6 34 73 58 64 60 8 84 71 87 19 63 11 26 78 56 62 1 73 32 90 92 27 78 61 89 54 67 67 36 85 41 17 87 82 41 54 33 43 25 80 97 21 50 34 89 68 96 1 0 56 56 64 75 97 73 3 41 55 16 67 97 73 51 60 58 65 22 2 63 96 83 12 7 49 44 29 65 98 34 83 61 29 99 51 50 74 38 56 94 32 37 74
8 38 19 69 95 96 80 71 70 39 71 76 32 4 47 52 6 28 29 43 56 82 5 0 27 37 71 81 37 53 93 10 29 16 28 8 5 24 75 21 28 64 46 93 92 94 95 94 27 45 32 79 61 54 67 36 67 60 25 30 59 14 57 72 91 13 43 83 93 90 76 44 37 79 13 71 63 49 97 52 54 39 84 2 92 9 62 44 1 57 31 15 44 26 59 8 16 4 26 14
41 37 43 59 0 7 76 58 32 29 80 76 82 40 52 23 37 87 90 7 92 86 37 74 26 50 2 37 89 58 84 36 10 76 58 50 72 30 41 37 61 51 50 76 99 31 75 25 41 1 70 47 4 38 72 76 18 88 15 76 19 71 32 36 24 1 86 40 92 71 2 8 15 43 17 15 50 39 48 29 7 34 93 24 82 4 72 34 83 2 45 19 38 68 97 17 0 53 59 42
64 30 46 18 93 45 28 30 95 70 41 41 77 39 34 33 95 75 67 16 9 40 65 43 64 76 61 77 89 54 61 80 97 40 46 60 25 97 29 49 39 31 46 46 34 32 16 19 95 90 51 17 53 67 49 76 94 6 22 83 17 6 87 66 12 71 97 12 47 57 12 69 96 48 88 27 43 84 87 23 51 46 29 63 6 33 67 93 38 88 84 68 43 37 23 31 67 26 67 80
67 71 65 89 29 29 76 89 30 51 53 69 8 14 24 38 27 15 71 2 98 3 31 47 63 63 77 0 9 20 38 67 78 5 77 32 51 84 22 94 39 75 12 27 69 20 72 85 42 31 54 53 17 94 43 64 99 94 49 90 71 32 13 18 47 57 42 69 24 97 75 47 30 98 19 90 0 75 67 12 36 70 3 0 22 4 72 56 17 61 24 36 59 37 28 7 67 29 29 93
30 30 71 25 79 6 80 14 96 48 99 63 74 70 31 37 84 81 15 17 68 85 70 30 92 32 25 82 71 92 47 59 97 73 16 3 58 39 49 44 4 79 37 31 34 49 15 25 79 14 36 67 85 70 80 34 88 42 95 5 79 68 24 30 13 8 94 49 95 88 64 13 73 71 44 5 63 56 72 82 84 79 67 33 93 79 80 60 48 81 70 65 42 49 15 44 44 75 33 26
93 71 87 34 18 23 52 86 10 1 29 11 72 49 19 73 61 30 88 16 36 41 13 86 80 65 91 98 68 10 39 81 49 53 91 20 27 77 34 88 14 13 62 17 84 52 27 47 8 23 12 41 9 42 36 17 10 87 14 28 19 67 0 63 3 42 68 36 10 78 40 93 41 3 25 40 19 31 50 52 94 10 92 57 10 16 28 11 11 46 33 71 42 85 25 19 16 48 88 44
41 66 48 82 63 15 43 50 18 75 64 62 86 90 55 21 96 96 53 35 34 12 84 8 20 75 29 94 21 88 46 48 66 0 32 68 90 6 52 81 2 85 77 14 84 77 82 74 20 82 9 20 8 92 15 35 4 69 66 23 15 52 21 70 78 60 1 74 73 56 98 7 41 55 98 56 76 96 37 23 26 40 39 29 88 65 91 92 4 73 69 64 61 87 68 18 52 82 97 29
25 67 18 99 35 93 71 71 0 0 19 2 21 64 64 2 9 16 42 14 25 51 44 91 71 14 97 83 2 12 51 83 1 71 24 24 94 25 9 86 99 45 88 69 76 53 58 6 20 32 69 6 47 3 9 36 44 2 18 11 20 20 33 8 39 96 84 31 98 21 50 70 8 28 69 79 51 86 72 49 44 69 70 61 85 11 81 97 44 1 96 26 97 27 82 93 86 65 47 39
33 52 46 72 86 15 41 35 53 14 6 77 82 76 8 67 84 2 20 67 14 41 39 70 97 15 65 18 81 15 30 64 36 46 62 50 89 17 29 79 40 92 7 8 22 93 34 12 32 79 79 81 24 76 4 6 37 26 97 73 91 72 67 57 66 49 10 3 95 69 78 4 1 68 75 13 12 43 18 52 30 70 17 37 55 47 97 70 10 3 66 31 74 23 80 98 32 73 42 77
55 87 84 86 2 84 16 62 49 86 6 14 35 88 85 83 87 5 5 55 60 58 14 6 49 73 97 85 44 66 5 91 16 6 50 13 27 10 98 63 6 12 17 94 91 36 83 54 28 42 48 76 60 30 91 55 88 39 50 73 0 63 76 51 42 6 10 54 45 79 46 61 33 44 99 30 58 12 49 73 50 59 66 17 53 72 95 6 6 0 86 23 5 12 74 51 48 17 10 52
45 82 38 40 59 54 55 81 15 17 97 96 18 25 69 54 28 76 83 91 74 41 29 37 47 24 15 94 95 85 16 16 90 72 0 91 33 33 1 50 73 45 68 48 69 59 31 67 69 61 75 79 98 83 93 54 11 18 69 72 5 61 61 57 93 73 93 32 70 39 49 89 50 38 54 34 74 56 54 30 38 71 95 7 86 4 18 18 48 96 9 68 14 88 0 6 95 78 92 19
96 9 9 44 10 52 1 31 7 40 20 55 57 77 57 45 92 0 85 55 87 54 53 33 36 85 83 59 87 73 36 52 62 63 60 21 47 56 71 38 78 66 99 59 64 37 21 93 86 79 24 84 35 94 75 38 70 69 38 32 49 90 70 44 35 74 9 34 36 3 53 7 47 38 2 66 69 75 72 50 12 51 14 0 86 66 81 2 25 84 30 95 25 80 99 11 33 35 47 19
73 58 96 17 53 53 66 13 49 95 19 91 51 74 21 14 93 80 45 63 53 41 54 25 39 77 4 92 51 85 46 60 24 94 66 89 63 81 82 90 92 57 15 12 72 45 59 17 90 82 38 41 53 19 60 43 20 88 12 76 4 95 53 7 70 93 56 87 81 63 65 63 66 93 77 45 69 48 27 31 31 84 66 50 64 41 70 65 73 2 64 54 47 62 37 95 32 52 29 62
47 98 52 68 70 91 0 81 60 83 14 46 26 19 29 16 68 63 7 93 84 40 52 73 34 84 74 20 58 28 93 89 94 14 62 48 70 15 43 98 97 54 83 63 17 33 63 35 37 87 66 27 62 11 32 81 3 75 55 92 60 43 38 58 96 85 76 64 3 98 49 23 78 10 38 2 80 41 16 22 53 16 80 34 6 95 23 34 47 98 35 68 35 77 35 29 70 1 91 94
94 72 84 73 54 35 95 24 77 72 28 71 46 63 37 43 80 57 23 94 66 65 46 40 42 51 80 25 43 78 69 81 13 47 59 72 86 90 84 13 89 99 55 86 49 45 18 72 12 54 62 88 13 10 95 75 45 81 3 1 97 92 64 28 83 18 68 80 34 53 31 52 25 33 14 65 82 34 79 63 97 95 56 46 60 46 30 85 75 91 51 71 36 24 99 43 65 72 14 12
45 56 43 25 70 34 21 10 45 50 33 27 90 64 77 72 28 12 27 26 44 19 35 83 80 68 12 38 77 20 75 89 28 62 87 87 72 53 7 44 64 76 77 88 0 9 82 85 16 83 72 31 69 10 95 64 37 44 78 47 32 93 3 80 14 2 26 37 14 93 33 73 45 49 48 35 57 72 7 71 50 12 16 74 61 63 79 5 45 76 82 95 28 20 28 61 41 10 12 78
56 79 41 61 49 9 87 26 67 3 96 88 58 68 37 33 32 17 67 80 46 49 86 29 41 94 3 50 87 96 46 20 56 71 8 24 99 97 84 98 95 86 66 11 74 25 21 45 82 15 89 92 33 57 78 43 50 32 17 22 74 11 45 11 37 7 92 13 4 56 36 14 72 77 0 42 49 74 14 95 14 13 81 58 94 86 15 56 59 61 20 48 37 75 40 7 68 68 15 91
72 53 17 45 78 74 64 26 13 51 46 97 42 25 85 95 68 98 37 23 84 53 88 21 27 88 72 11 39 44 67 66 2 85 65 4 43 33 98 91 51 49 97 98 19 5 3 0 61 7 50 51 72 18 26 0 98 5 63 59 47 49 53 46 67 15 71 44 11 53 84 3 39 91 11 99 8 12 97 43 51 60 69 48 18 48 42 20 81 64 96 89 14 9 99 83 95 43 88 59
31 38 89 56 27 61 31 59 28 55 41 17 51 57 41 83 68 21 67 32 94 32 23 27 43 69 74 23 23 43 70 91 51 42 86 50 52 94 65 82 62 83 15 54 88 78 61 43 78 75 85 61 26 91 34 19 82 75 44 50 87 59 88 54 86 12 18 90 34 52 83 53 55 36 99 65 53 47 79 25 90 92 73 8 84 51 50 7 1 35 30 82 14 8 63 89 2 90 72 76
95 36 23 62 94 66 79 0 27 3 88 8 55 44 24 54 25 33 72 65 78 81 83 29 0 2 41 11 61 27 52 63 30 60 18 46 66 97 40 90 71 29 54 83 9 17 32 68 22 86 26 50 94 21 34 83 55 56 87 52 43 37 35 81 2 74 60 4 49 96 28 45 51 92 76 32 6 72 91 79 10 80 65 17 81 51 80 45 90 42 42 29 7 82 75 84 74 3 57 35
18 37 76 70 32 84 75 43 62 66 54 11 31 64 63 45 10 64 61 1 1 78 22 88 75 69 13 75 77 72 14 32 3 21 94 96 20 47 96 39 0 1 86 0 67 26 57 83 54 17 8 70 60 40 50 27 86 65 26 65 25 42 77 71 89 64 60 32 98 82 13 63 34 38 52 34 72 20 35 35 81 92 4 69 38 35 41 46 59 8 58 80 40 33 20 61 6 62 55 1
71 26 18 68 85 75 29 23 76 27 33 90 9 32 62 97 6 94 5 99 25 6 91 11 75 13 1 46 35 8 72 58 83 82 71 28 99 47 25 3 10 54 32 82 15 29 75 95 95 31 82 3 60 31 67 71 60 88 8 92 97 4 29 23 58 89 59 28 86 40 49 91 28 65 32 79 79 67 1 99 8 93 36 21 63 44 76 62 57 15 33 60 16 55 47 96 37 18 48 88
7 39 10 87 9 63 90 95 15 27 86 43 52 29 55 79 28 87 54 31 83 98 1 0 58 5 30 4 87 85 34 33 47 81 53 20 44 14 64 85 26 21 54 15 90 9 71 11 11 86 6 69 28 90 71 35 79 39 39 26 50 98 80 7 47 92 13 84 20 97 80 47 30 98 76 48 29 92 38 97 22 58 59 60 26 26 97 4 85 87 58 70 96 24 64 75 97 49 24 92
47 1 58 75 30 16 20 55 9 34 88 13 31 90 69 72 45 8 1 90 45 20 62 31 91 19 50 85 28 86 49 1 7 12 99 64 90 29 6 87 14 23 89 45 34 25 13 7 35 94 66 67 4 17 45 7 4 98 30 70 22 20 43 72 65 54 28 22 80 22 30 46 94 36 95 13 86 35 77 69 9 0 41 54 11 59 14 51 74 9 37 97 47 36 53 10 58 51 16 92
18 19 7 85 65 17 91 53 81 46 94 58 90 93 73 5 56 81 53 70 70 12 29 84 78 1 72 80 48 88 91 82 15 54 67 23 36 10 62 56 29 94 4 31 97 44 61 73 39 21 38 2 2 20 73 9 50 37 32 78 79 51 31 22 70 47 29 80 54 65 85 88 89 88 95 2 26 60 96 67 7 34 21 28 53 10 16 19 85 68 55 33 50 22 61 58 27 17 66 71
12 44 51 74 75 26 82 26 94 47 69 15 93 68 96 84 19 16 87 6 54 8 29 21 89 95 79 9 79 89 53 15 77 42 35 79 74 90 23 52 59 32 21 7 21 55 29 78 26 15 41 30 67 17 70 58 22 99 87 33 52 36 45 26 57 55 40 5 66 50 42 35 36 94 25 80 24 10 2 70 82 29 58 47 21 23 48 30 73 2 1 57 0 45 60 62 9 22 98 96
58 77 2 12 19 36 19 15 90 83 81 3 86 39 1 3 31 54 18 94 17 67 22 42 99 79 84 43 55 40 49 58 31 17 38 97 62 90 45 28 88 37 61 25 36 83 43 36 44 49 15 72 20 39 55 22 39 64 42 60 56 5 30 95 38 67 26 81 98 48 84 47 74 64 67 23 16 93 97 89 70 92 88 21 60 79 25 15 68 89 29 54 62 52 39 52 42 28 6 24
75 17 7 88 52 64 55 67 3 55 93 17 7 15 73 51 81 42 19 84 31 28 9 62 31 47 75 90 99 38 19 90 60 24 56 93 14 87 42 48 26 94 23 6 83 74 56 93 88 55 88 98 72 87 69 62 14 19 79 90 18 40 43 80 40 77 68 15 35 43 11 77 54 14 19 77 57 90 60 99 20 67 93 1 83 47 41 64 55 43 85 13 10 73 14 55 37 19 48 85
31 67 99 2 62 25 53 92 45 75 15 83 84 73 43 62 34 1 1 13 80 56 39 38 92 90 14 2 43 83 39 41 86 40 62 54 76 22 83 71 57 26 22 20 38 10 40 63 14 16 36 84 76 53 31 70 61 48 14 22 59 7 12 66 10 12 9 98 5 86 91 62 19 29 48 45 24 48 62 69 57 96 25 18 52 33 78 93 8 0 81 96 43 1 84 94 25 71 36 8
38 68 93 6 94 17 58 61 1 1 68 42 23 31 48 34 39 94 84 70 76 87 28 23 19 58 38 2 5 25 25 74 56 29 73 61 57 79 84 77 59 73 6 95 61 30 12 2 44 67 88 68 10 75 91 78 16 3 14 60 28 64 38 39 56 28 10 90 20 22 80 6 85 13 30 42 4 37 85 64 5 75 86 90 26 15 60 72 98 88 24 23 54 46 18 22 50 39 3 74
12 93 92 13 68 75 9 81 83 92 26 56 7 68 7 79 42 30 76 78 99 4 42 50 86 42 11 4 47 9 1 70 67 38 34 18 30 47 76 61 13 82 15 58 99 21 35 10 31 59 60 36 4 97 50 9 21 19 70 22 68 8 31 10 65 44 84 54 75 48 36 12 7 27 35 98 57 11 77 80 76 40 13 99 81 64 74 25 95 6 29 4 10 82 56 65 17 4 93 50
88 39 4 83 24 42 30 44 18 99 18 88 53 80 54 74 33 91 17 97 23 43 40 82 63 59 31 9 65 40 92 28 86 94 40 77 97 15 7 92 84 29 80 74 24 82 24 65 6 44 14 73 83 23 46 1 26 28 95 11 83 50 72 48 48 1 60 87 86 72 80 19 21 47 21 39 62 1 78 18 18 98 77 33 50 92 99 67 33 2 20 79 61 18 69 31 93 39 96 1
59 37 80 80 36 0 65 2 19 98 51 90 49 26 79 12 82 81 69 69 54 47 99 36 52 5 76 2 64 20 41 55 7 65 80 16 76 56 35 46 41 36 1 21 1 53 44 18 75 52 58 84 67 38 27 21 19 26 19 85 68 12 14 9 10 47 0 21 15 66 15 8 35 26 16 23 52 72 52 94 76 82 53 21 26 61 95 84 73 32 40 98 21 15 41 85 36 75 45 16
84 95 35 14 10 0 68 82 55 93 37 12 86 63 62 7 85 12 56 46 99 20 49 20 5 29 89 51 32 32 7 46 97 17 65 32 25 34 27 2 40 37 75 75 76 19 4 86 8 54 78 22 41 11 67 78 17 47 49 89 89 44 23 8 90 94 23 37 4 16 69 7 63 28 95 42 99 18 75 34 88 28 15 78 57 99 84 32 81 29 9 64 58 21 45 68 22 70 41 25
2 22 11 9 50 48 78 42 84 37 7 29 49 79 45 91 60 69 1 43 29 52 32 83 13 71 71 36 58 52 10 45 61 3 13 79 16 24 83 19 12 94 52 87 84 88 21 9 20 58 30 65 78 48 4 82 30 78 67 63 61 67 75 92 99 61 37 13 78 34 69 75 26 0 77 42 52 58 75 3 8 82 12 77 95 62 3 81 0 69 10 82 69 50 12 64 0 30 25 33
66 49 70 96 13 45 95 26 61 24 50 62 7 90 25 56 67 16 21 13 14 22 43 26 72 71 88 47 77 70 0 36 50 62 93 47 16 78 62 4 82 3 36 34 69 19 22 48 71 77 97 65 99 52 95 70 44 95 29 27 94 5 43 9 11 89 78 22 10 63 22 37 39 45 0 93 21 96 63 29 67 94 68 22 37 45 74 53 72 0 3 38 73 0 84 94 76 48 62 28
10 61 52 61 95 78 2 4 20 55 38 63 29 25 22 63 59 88 93 16 87 62 59 40 15 37 20 61 98 49 26 82 83 50 79 50 88 38 80 17 87 98 7 4 49 90 54 47 69 4 39 11 67 40 46 86 42 87 95 92 13 71 11 1 99 54 38 19 39 39 82 32 96 11 20 88 94 42 95 18 25 67 40 17 32 72 35 32 90 86 30 81 25 88 44 55 55 22 41 95
19 72 58 39 14 87 0 13 5 29 71 99 32 6 81 21 4 32 2 43 42 48 72 73 69 88 60 28 84 45 23 35 37 64 88 14 90 75 58 62 17 94 0 5 30 89 97 88 77 30 70 99 83 13 58 92 79 10 33 90 11 14 6 3 22 29 49 46 90 53 68 80 11 68 14 81 80 64 75 56 97 33 28 91 38 83 2 49 8 48 80 67 37 83 25 19 95 67 34 43
87 52 36 74 98 96 56 69 49 75 94 53 42 47 4 79 71 34 23 37 51 73 74 96 32 22 95 82 53 82 83 37 17 39 59 85 1 11 20 67 3 97 21 17 12 66 73 65 49 81 6 13 79 87 75 55 2 9 25 7 63 38 49 94 59 47 67 61 32 97 87 50 0 87 45 75 74 30 16 24 93 0 42 41 78 31 6 90 81 62 98 34 29 35 80 82 62 80 86 43
83 7 22 48 47 86 24 11 71 22 71 58 39 21 37 73 27 76 5 62 42 69 92 10 24 42 39 49 4 69 81 2 26 67 81 64 80 67 23 83 27 36 50 24 78 86 63 91 3 8 50 92 56 15 65 99 8 57 9 89 43 98 94 87 20 77 67 62 16 49 66 96 80 86 49 14 25 66 27 12 92 43 34 79 85 20 98 69 13 44 88 68 76 24 9 49 93 57 78 25
49 74 53 7 73 4 25 17 84 57 13 11 13 43 78 32 69 88 31 17 59 21 83 6 90 7 62 86 74 62 2 39 97 64 69 33 3 36 79 59 6 46 58 94 93 76 47 22 22 78 62 28 39 89 30 46 22 45 87 86 79 57 12 7 80 64 88 72 35 50 66 72 51 78 78 92 20 3 36 89 56 0 48 91 76 15 52 10 13 8 98 17 52 24 55 54 24 7 37 27
43 15 75 90 89 14 82 61 31 89 6 45 76 83 41 77 23 52 7 14 2 27 24 47 70 44 95 22 27 58 91 77 34 38 71 41 14 84 54 25 80 44 16 43 15 81 86 41 63 65 64 51 94 26 36 89 87 57 13 73 16 99 72 14 21 42 74 27 50 42 21 20 74 45 46 77 94 15 27 4 11 57 22 20 33 37 37 7 95 25 10 83 67 85 59 18 88 80 21 35
23 36 50 56 83 47 86 26 83 25 10 14 34 42 70 14 57 74 29 86 21 83 33 91 37 2 20 61 26 19 40 55 37 56 19 89 31 70 93 50 15 55 5 3 71 15 53 16 98 4 33 52 72 36 69 51 12 29 44 34 54 88 28 9 21 64 94 41 91 12 51 70 90 46 41 5 57 9 23 50 98 0 79 13 77 97 53 73 41 77 14 92 63 20 76 46 78 49 26 31
87 28 19 13 33 24 19 26 57 33 34 39 28 4 34 39 51 30 25 95 12 96 11 68 72 59 25 96 38 8 25 93 42 62 28 97 27 41 80 43 3 41 36 90 54 96 93 47 29 38 6 99 41 43 85 0 56 13 60 30 27 44 38 22 24 13 86 34 45 33 56 80 50 23 92 53 49 44 51 4 34 20 61 59 60 73 34 3 81 61 88 32 77 26 51 29 51 4 9 0
77 71 24 47 8 91 48 78 8 35 5 78 8 41 67 2 41 86 11 78 65 59 1 61 2 92 83 93 36 25 28 75 0 67 79 31 71 87 91 32 45 2 41 25 60 35 0 6 7 53 37 6 50 59 38 45 6 81 20 63 7 12 67 92 86 77 53 8 91 57 37 28 78 86 43 77 23 88 36 71 64 68 15 17 61 63 22 7 72 70 96 35 66 37 28 46 72 89 56 85
60 58 10 62 8 62 26 14 56 45 90 51 6 33 12 59 59 84 19 62 15 39 9 81 59 17 5 42 73 72 13 34 64 67 95 37 59 18 75 2 19 93 63 9 20 71 64 23 9 53 26 13 8 59 69 92 91 79 23 65 12 63 72 47 97 47 76 67 36 27 14 25 62 47 52 83 91 4 47 40 92 62 28 5 56 62 99 59 97 11 21 17 29 57 50 67 54 99 41 27
18 99 89 87 26 38 89 82 46 4 93 51 13 41 62 77 31 62 28 71 69 22 34 79 6 56 18 5 95 99 93 99 20 59 52 27 80 26 71 63 58 67 52 15 90 68 45 25 13 64 11 34 88 74 51 40 79 44 95 84 4 4 20 62 74 94 32 32 6 36 32 49 94 73 94 40 46 15 31 98 38 13 99 95 94 37 55 16 34 44 24 60 46 68 3 89 36 77 75 78
35 58 78 28 39 68 36 97 60 64 17 22 12 69 36 43 80 80 24 59 50 54 42 4 88 64 11 34 8 82 27 79 31 90 63 7 69 63 73 10 39 95 22 87 25 2 47 70 36 68 70 24 5 76 70 52 48 33 28 98 62 66 22 67 35 34 77 43 17 5 79 87 72 84 92 93 6 72 35 9 5 63 67 59 46 8 67 75 23 61 88 40 18 9 0 2 92 49 23 5
43 76 36 70 97 76 40 47 76 72 46 36 70 3 11 26 65 82 98 63 40 53 33 57 24 34 69 37 48 88 59 4 2 87 41 26 83 38 92 73 48 76 71 95 14 88 18 79 54 0 48 56 20 20 83 72 1 93 85 53 52 67 27 56 83 21 6 13 84 13 86 51 31 99 44 58 19 69 56 24 3 9 21 96 89 73 98 42 66 69 45 99 93 42 59 4 74 35 99 83
38 25 22 70 17 88 29 91 41 63 13 23 56 65 33 21 48 13 24 50 54 83 98 86 94 45 36 73 7 22 53 41 4 92 75 85 78 50 68 22 14 86 50 70 86 63 12 82 32 6 4 72 5 11 92 46 87 49 17 24 34 47 40 98 14 10 48 50 19 72 1 45 26 31 27 7 38 37 5 72 20 65 77 68 44 25 65 75 8 92 17 11 93 55 70 8 86 5 41 47
92 35 27 7 19 70 23 49 41 70 76 30 98 90 0 90 81 13 69 10 34 97 32 16 10 79 47 59 12 12 46 48 2 40 20 27 1 61 27 12 15 12 11 1 16 15 42 36 50 73 55 8 66 33 11 89 66 21 85 21 58 16 72 33 10 96 73 27 4 48 84 59 13 34 57 20 69 25 72 49 79 91 41 74 51 22 86 63 52 90 34 74 17 35 21 3 1 18 68 6
56 23 87 24 75 72 70 7 38 3 94 83 0 50 69 2 51 84 32 71 29 46 91 62 70 39 46 68 2 93 49 91 46 26 20 7 62 60 33 48 64 19 43 43 4 75 12 86 48 25 80 19 8 80 59 48 53 83 85 33 75 90 27 53 3 92 82 17 38 11 79 76 13 79 58 72 71 73 30 58 93 14 86 96 38 37 70 49 73 70 52 90 70 81 39 46 50 56 40 59
73 86 14 41 0 74 2 8 46 36 92 65 42 29 63 42 97 34 29 41 97 41 56 3 98 20 58 30 35 3 33 33 57 46 32 38 42 50 2 36 85 6 4 26 90 78 20 92 2 44 62 94 79 77 35 70 25 18 97 92 40 47 17 22 20 72 14 57 60 17 12 20 40 86 74 15 89 76 77 8 63 6 21 55 74 14 56 93 22 54 40 94 43 9 7 10 70 44 1 58
57 51 48 57 18 16 75 44 73 74 51 64 66 2 20 40 55 70 28 73 25 61 66 79 55 23 7 78 89 0 98 9 34 66 21 16 46 95 11 35 98 86 6 96 84 70 88 56 62 7 66 48 16 33 17 65 96 78 2 46 60 16 94 82 77 61 30 47 8 78 84 1 41 91 56 64 61 4 69 35 36 93 89 93 3 23 3 46 81 47 17 70 18 79 14 28 75 67 37 21
29 69 74 12 93 63 27 57 44 28 2 10 51 26 51 76 1 91 85 1 5 1 64 20 39 1 88 37 61 52 72 51 53 74 47 86 75 27 19 23 44 41 2 54 45 31 69 11 98 67 88 86 7 39 12 58 74 12 80 82 66 60 28 19 14 18 27 61 19 38 31 80 0 48 89 12 52 28 97 33 53 51 55 80 56 18 62 39 62 90 21 12 2 72 49 52 34 40 51 87
7 12 57 19 60 72 87 45 43 36 82 74 56 18 1 57 70 45 54 62 10 9 26 60 30 2 31 33 64 64 28 98 51 92 66 41 29 50 15 42 18 60 17 82 55 83 30 44 21 50 99 84 7 92 75 85 63 86 0 59 86 26 5 88 45 78 71 54 75 11 50 64 96 56 72 59 26 53 13 86 77 94 47 70 78 5 31 63 7 34 44 37 56 40 35 52 49 69 88 28
91 86 56 52 29 36 28 68 8 61 70 11 27 39 36 51 19 39 83 8 82 20 31 55 32 48 33 36 94 22 75 96 6 27 60 19 63 32 53 53 65 47 51 72 2 98 41 11 63 66 27 23 65 63 86 12 55 49 87 66 16 94 0 1 29 83 3 72 95 89 70 50 98 99 69 14 53 75 3 86 72 68 33 24 14 17 88 86 81 57 29 77 30 43 53 7 50 32 37 33
49 66 79 3 95 59 41 38 81 93 83 28 13 70 53 37 6 30 74 59 52 56 54 22 68 99 31 98 65 77 25 81 5 53 58 35 24 3 60 66 32 21 53 18 14 89 26 36 55 46 72 21 65 28 43 40 10 92 53 16 64 29 28 20 79 4 95 3 36 88 92 56 83 23 39 71 4 6 87 32 84 47 85 38 99 85 8 77 82 12 29 24 46 9 95 67 1 50 17 19
91 85 81 70 71 3 82 77 62 37 2 17 46 10 0 25 26 15 65 71 24 75 97 68 71 63 7 84 81 66 12 71 12 87 57 63 67 49 9 44 59 52 31 29 97 95 7 94 45 88 97 20 43 63 0 20 52 16 20 2 5 29 26 4 30 30 64 5 6 27 60 88 56 54 78 26 6 48 4 69 39 69 38 5 40 61 45 12 86 47 1 64 89 50 95 1 56 28 78 45
