15374 18063 18016 12545 22971 17791 27325 20763 9738 13622
14225 23616 23784 14348 23300 19968 22499 15338 18357 18765
21384 31037 23520 16761 29637 28202 41159 27644 19064 18632
15058 22857 22679 14631 25407 19772 25073 21829 12832 20378
13188 30287 20640 14940 22063 21907 25714 13021 18145 20203
19906 27318 26360 21608 30297 25471 33417 26673 17315 24781
21327 24663 28614 17915 28697 22099 34426 20550 18641 17984
14610 25692 18587 17554 24996 22056 28200 23601 16427 20728
19472 21189 30406 20047 31382 21579 30998 22632 16593 20624
16712 16854 18808 17212 24415 19209 23790 20919 13759 17507
